name: snrm-tf1
channels:
  - conda-forge
  - defaults
dependencies:
  - bleach=1.5.0=py36_0
  - ca-certificates=2019.10.16=0
  - certifi=2019.9.11=py36_0
  - html5lib=0.9999999=py36_0
  - libblas=3.8.0=14_openblas
  - libcblas=3.8.0=14_openblas
  - libcxx=4.0.1=hcfea43d_1
  - libcxxabi=4.0.1=hcfea43d_1
  - libedit=3.1.20181209=hb402a30_0
  - libffi=3.2.1=h475c297_4
  - libgfortran=4.0.0=2
  - liblapack=3.8.0=14_openblas
  - libopenblas=0.3.7=h4bb4525_2
  - libprotobuf=3.9.2=hd9629dc_0
  - llvm-openmp=9.0.0=h40edb58_0
  - markdown=3.1.1=py36_0
  - ncurses=6.1=h0a44026_1
  - nltk=3.4.5=py36_0
  - numpy=1.16.4=py36h6b0580a_0
  - openssl=1.1.1d=h1de35cc_3
  - pip=19.3.1=py36_0
  - protobuf=3.9.2=py36h0a44026_0
  - python=3.6.9=h359304d_0
  - readline=7.0=h1de35cc_5
  - setuptools=41.4.0=py36_0
  - six=1.12.0=py36_0
  - sqlite=3.30.1=ha441bb4_0
  - tensorboard=0.4.0rc3=py36_2
  - tensorflow=1.4.0=py36_0
  - tk=8.6.8=ha441bb4_0
  - webencodings=0.5.1=py36_1
  - werkzeug=0.16.0=py_0
  - wheel=0.33.6=py36_0
  - xz=5.2.4=h1de35cc_4
  - zlib=1.2.11=h1de35cc_3
prefix: /Users/bernhardsteindl/anaconda3/envs/snrm-tf1

