name: base
channels:
  - conda-forge
  - defaults
dependencies:
  - _libgcc_mutex=0.1=conda_forge
  - _openmp_mutex=4.5=0_gnu
  - bleach=1.5.0=py36_0
  - ca-certificates=2019.11.28=hecc5488_0
  - certifi=2019.11.28=py36_0
  - html5lib=0.9999999=py36_0
  - libblas=3.8.0=14_openblas
  - libcblas=3.8.0=14_openblas
  - libffi=3.2.1=he1b5a44_1006
  - libgcc-ng=9.2.0=h24d8f2e_2
  - libgfortran-ng=7.3.0=hdf63c60_5
  - libgomp=9.2.0=h24d8f2e_2
  - liblapack=3.8.0=14_openblas
  - libopenblas=0.3.7=h5ec1e0e_6
  - libprotobuf=3.11.3=h8b12597_0
  - libstdcxx-ng=9.2.0=hdf63c60_2
  - markdown=3.1.1=py_0
  - ncurses=6.1=hf484d3e_1002
  - numpy=1.16.4=py36h95a1406_0
  - openssl=1.1.1d=h516909a_0
  - pip=20.0.2=py_2
  - protobuf=3.11.3=py36he1b5a44_0
  - readline=7.0=hf8c457e_1001
  - setuptools=45.1.0=py36_0
  - six=1.14.0=py36_0
  - tensorboard=0.4.0rc3=py36_2
  - tensorflow=1.4.0=py36_0
  - tk=8.6.10=hed695b0_0
  - webencodings=0.5.1=py_1
  - werkzeug=1.0.0=py_0
  - wheel=0.34.2=py_1
  - xz=5.2.4=h14c3975_1001
  - zlib=1.2.11=h516909a_1006
  - asn1crypto=0.24.0=py36_0
  - cffi=1.11.5=py36h9745a5d_0
  - chardet=3.0.4=py36h0f667ec_1
  - conda=4.5.4=py36_0
  - conda-env=2.6.0=h36134e3_1
  - cryptography=2.2.2=py36h14c3975_0
  - idna=2.6=py36h82fb2a8_1
  - libedit=3.1.20181209=hc058e9b_0
  - nltk=3.4.5=py36_0
  - pycosat=0.6.3=py36h0a5515d_0
  - pycparser=2.18=py36hf9f622e_1
  - pyopenssl=18.0.0=py36_0
  - pysocks=1.6.8=py36_0
  - python=3.6.9=h265db76_0
  - requests=2.18.4=py36he2e5f8d_1
  - ruamel_yaml=0.15.37=py36h14c3975_2
  - sqlite=3.31.1=h7b6447c_0
  - urllib3=1.22=py36hbe7ace6_0
  - yaml=0.1.7=had09818_2
prefix: /usr/local
